w 00030000 000 000 000 000 000 770 770 770 770 770 770 000 000 000 000 000 
w 00030040 000 000 000 770 770 770 770 770 770 770 770 770 770 000 000 000 
w 00030080 000 000 000 000 000 756 756 756 756 756 756 000 000 000 000 000 
w 000300c0 000 000 000 000 756 070 070 756 756 070 070 756 000 000 000 000 
w 00030100 000 000 000 000 756 756 756 756 756 756 756 756 000 000 000 000 
w 00030140 000 000 000 000 756 700 700 756 756 700 700 756 000 000 000 000 
w 00030180 000 000 000 000 000 756 700 700 700 700 756 000 000 000 000 000 
w 000301c0 000 000 000 000 000 000 756 756 756 756 000 000 000 000 000 000 
w 00030200 000 000 000 000 007 007 007 007 007 007 007 007 000 000 000 000 
w 00030240 000 000 000 007 007 007 007 007 007 007 007 007 007 000 000 000 
w 00030280 000 000 007 007 000 007 007 007 007 007 007 000 007 007 000 000 
w 000302c0 000 007 007 000 000 007 007 007 007 007 007 000 000 007 007 000 
w 00030300 756 756 000 000 000 770 770 770 770 770 770 000 000 000 756 756 
w 00030340 000 000 000 000 770 770 000 000 000 000 770 770 000 000 000 000 
w 00030380 000 000 000 770 770 000 000 000 000 000 000 770 770 000 000 000 
w 000303c0 000 000 756 756 000 000 000 000 000 000 000 000 756 756 000 000 
w 00030400 777 777 777 777 000 000 000 000 000 000 000 000 777 777 777 777 
